base:
  pose:
    x: 0.0
    y: 0.0
    z: 0.0
    roll: 0.0
    pitch: 0.0
    yaw: 0.0
  collision_body:
    radius: 0.1
    length: 0.45
    z: 0.071
  mass: 12.8
  inertia:
    ixx: 1.197211
    iyy: 1.201181
    izz: 0.162902
    ixy: 0
    ixz: 0
    iyz: 0
  com_position:
    x: 0.003
    y: 0.008
    z: -0.07936
  ring:
    z: -0.3428
    r: 0.225
    d: 0.027
    mass: 0.5
ball:
  pose:
    x: 0.0
    y: 0.0
    z: -0.317
    roll: 0.0
    pitch: 0.0
    yaw: 0.0
  collision_body:
    radius: 0.125
  mass: 2.29
  inertia:
    ixx: 0.0239
    iyy: 0.0239
    izz: 0.0239
    ixy: 0.0
    ixz: 0.0
    iyz: 0.0
  com_position:
    x: 0.0
    y: 0.0
    z: 0.0
wheel:
  pose:
    x: 0.0
    y: 0.0
    z: 0.0
    roll: 0.0
    pitch: 0.0
    yaw: 0.0
  collision_body:
    radius: 0.064
    fake_radius: 0.060
    length: 0.028
  mass: 0.538
  inertia:
    ixx: 0.00060029
    iyy: 0.00060029
    izz: 0.0011538
    ixy: 0.0
    ixz: 0.0
    iyz: 0.0
  com_position:
    x: 0.0
    y: 0.0
    z: 0.0
imu:
  pose:
    x: 0.0747
    y: 0.0
    z: 0.0
    roll: 0.0
    pitch: 0.0
    yaw: -90.0
  collision_body:
    length: 0.058
    width: 0.042
    height: 0.023
  mass: 0.05
  inertia:
    ixx: 0.00001
    iyy: 0.000016
    izz: 0.00002
    ixy: 0.0
    ixz: 0.0
    iyz: 0.0
  com_position:
    x: 0.0
    y: 0.0
    z: 0.0